544 487 69 59 76.5
45 471 33 60 88.0
412 431 20 12 143.0
446 403 133 82 97.0
215 379 26 10 118.5
273 377 35 14 46.0
2 366 34 192 90.5
513 363 15 6 55.0
121 334 44 63 42.5
399 323 28 13 78.5
583 278 24 26 151.0
225 272 24 7 49.0
380 249 38 50 40.5
458 248 25 25 315.0
485 245 63 58 51.0
144 235 8 12 46.5
572 182 20 34 54.0
463 177 6 15 46.5
543 146 53 65 44.5
306 112 53 134 77.0
132 83 5 77 57.0
299 79 57 32 888.0
568 58 49 24 700.5
158 56 156 66 55.5
135 48 70 37 1456.5
97 12 35 423 73.5
370 0 248 47 70.5
